0 25
1 44
2 57
3 64
4 65
5 60
6 49
7 32
8 9
9 -20
10 -55
11 -96
12 -143
13 -196
14 -255
15 -320
16 -391
17 -468
18 -551
19 -640
20 -735
21 -836
22 -943
23 -1056
24 -1175
25 -1300
26 -1431
27 -1568
28 -1711
29 -1860
30 -2015
31 -2176
32 -2343
33 -2516
34 -2695
35 -2880
36 -3071
37 -3268
38 -3471
39 -3680
40 -3895
41 -4116
42 -4343
43 -4576
44 -4815
45 -5060
46 -5311
47 -5568
48 -5831
49 -6100
50 -6375
51 -6656
52 -6943
53 -7236
54 -7535
55 -7840
56 -8151
57 -8468
58 -8791
59 -9120
60 -9455
61 -9796
62 -10143
63 -10496
64 -10855
65 -11220
66 -11591
67 -11968
68 -12351
69 -12740
70 -13135
71 -13536
72 -13943
73 -14356
74 -14775
75 -15200
76 -15631
77 -16068
78 -16511
79 -16960
80 -17415
81 -17876
82 -18343
83 -18816
84 -19295
85 -19780
86 -20271
87 -20768
88 -21271
89 -21780
90 -22295
91 -22816
92 -23343
93 -23876
94 -24415
95 -24960
96 -25511
97 -26068
98 -26631
99 -27200
100 -27775
101 -28356
102 -28943
103 -29536
104 -30135
105 -30740
106 -31351
107 -31968
108 -32591
109 -33220
110 -33855
111 -34496
112 -35143
113 -35796
114 -36455
115 -37120
116 -37791
117 -38468
118 -39151
119 -39840
120 -40535
121 -41236
122 -41943
123 -42656
124 -43375
125 -44100
126 -44831
127 -45568
128 -46311
129 -47060
130 -47815
131 -48576
132 -49343
133 -50116
134 -50895
135 -51680
136 -52471
137 -53268
138 -54071
139 -54880
140 -55695
141 -56516
142 -57343
143 -58176
144 -59015
145 -59860
146 -60711
147 -61568
148 -62431
149 -63300
150 -64175
151 -65056
152 -65943
153 -66836
154 -67735
155 -68640
156 -69551
157 -70468
158 -71391
159 -72320
160 -73255
161 -74196
162 -75143
163 -76096
164 -77055
165 -78020
166 -78991
167 -79968
168 -80951
169 -81940
170 -82935
171 -83936
172 -84943
173 -85956
174 -86975
175 -88000
176 -89031
177 -90068
178 -91111
179 -92160
180 -93215
181 -94276
182 -95343
183 -96416
184 -97495
185 -98580
186 -99671
187 -100768
188 -101871
189 -102980
190 -104095
191 -105216
192 -106343
193 -107476
194 -108615
195 -109760
196 -110911
197 -112068
198 -113231
199 -114400
200 -115575
201 -116756
202 -117943
203 -119136
204 -120335
205 -121540
206 -122751
207 -123968
208 -125191
209 -126420
210 -127655
211 -128896
212 -130143
213 -131396
214 -132655
215 -133920
216 -135191
217 -136468
218 -137751
219 -139040
220 -140335
221 -141636
222 -142943
223 -144256
224 -145575
225 -146900
226 -148231
227 -149568
228 -150911
229 -152260
230 -153615
231 -154976
232 -156343
233 -157716
234 -159095
235 -160480
236 -161871
237 -163268
238 -164671
239 -166080
240 -167495
241 -168916
242 -170343
243 -171776
244 -173215
245 -174660
246 -176111
247 -177568
248 -179031
249 -180500
250 -181975
251 -183456
252 -184943
253 -186436
254 -187935
255 -189440
256 -190951
257 -192468
258 -193991
259 -195520
260 -197055
261 -198596
262 -200143
263 -201696
264 -203255
265 -204820
266 -206391
267 -207968
268 -209551
269 -211140
270 -212735
271 -214336
272 -215943
273 -217556
274 -219175
275 -220800
276 -222431
277 -224068
278 -225711
279 -227360
280 -229015
281 -230676
282 -232343
283 -234016
284 -235695
285 -237380
286 -239071
287 -240768
288 -242471
289 -244180
290 -245895
291 -247616
292 -249343
293 -251076
294 -252815
295 -254560
296 -256311
297 -258068
298 -259831
299 -261600
300 -263375
301 -265156
302 -266943
303 -268736
304 -270535
305 -272340
306 -274151
307 -275968
308 -277791
309 -279620
310 -281455
311 -283296
312 -285143
313 -286996
314 -288855
315 -290720
316 -292591
317 -294468
318 -296351
319 -298240
320 -300135
321 -302036
322 -303943
323 -305856
324 -307775
325 -309700
326 -311631
327 -313568
328 -315511
329 -317460
330 -319415
331 -321376
332 -323343
333 -325316
334 -327295
335 -329280
336 -331271
337 -333268
338 -335271
339 -337280
340 -339295
341 -341316
342 -343343
343 -345376
344 -347415
345 -349460
346 -351511
347 -353568
348 -355631
349 -357700
350 -359775
351 -361856
352 -363943
353 -366036
354 -368135
355 -370240
356 -372351
357 -374468
358 -376591
359 -378720
360 -380855
361 -382996
362 -385143
363 -387296
364 -389455
365 -391620
366 -393791
367 -395968
368 -398151
369 -400340
370 -402535
371 -404736
372 -406943
373 -409156
374 -411375
375 -413600
376 -415831
377 -418068
378 -420311
379 -422560
380 -424815
381 -427076
382 -429343
383 -431616
384 -433895
385 -436180
386 -438471
387 -440768
388 -443071
389 -445380
390 -447695
391 -450016
392 -452343
393 -454676
394 -457015
395 -459360
396 -461711
397 -464068
398 -466431
399 -468800
400 -471175
401 -473556
402 -475943
403 -478336
404 -480735
405 -483140
406 -485551
407 -487968
408 -490391
409 -492820
410 -495255
411 -497696
412 -500143
413 -502596
414 -505055
415 -507520
416 -509991
417 -512468
418 -514951
419 -517440
420 -519935
421 -522436
422 -524943
423 -527456
424 -529975
425 -532500
426 -535031
427 -537568
428 -540111
429 -542660
430 -545215
431 -547776
432 -550343
433 -552916
434 -555495
435 -558080
436 -560671
437 -563268
438 -565871
439 -568480
440 -571095
441 -573716
442 -576343
443 -578976
444 -581615
445 -584260
446 -586911
447 -589568
448 -592231
449 -594900
450 -597575
451 -600256
452 -602943
453 -605636
454 -608335
455 -611040
456 -613751
457 -616468
458 -619191
459 -621920
460 -624655
461 -627396
462 -630143
463 -632896
464 -635655
465 -638420
466 -641191
467 -643968
468 -646751
469 -649540
470 -652335
471 -655136
472 -657943
473 -660756
474 -663575
475 -666400
476 -669231
477 -672068
478 -674911
479 -677760
480 -680615
481 -683476
482 -686343
483 -689216
484 -692095
485 -694980
486 -697871
487 -700768
488 -703671
489 -706580
490 -709495
491 -712416
492 -715343
493 -718276
494 -721215
495 -724160
496 -727111
497 -730068
498 -733031
499 -736000
500 -738975
501 -741956
502 -744943
503 -747936
504 -750935
505 -753940
506 -756951
507 -759968
508 -762991
509 -766020
510 -769055
511 -772096
512 -775143
513 -778196
514 -781255
515 -784320
516 -787391
517 -790468
518 -793551
519 -796640
520 -799735
521 -802836
522 -805943
523 -809056
524 -812175
525 -815300
526 -818431
527 -821568
528 -824711
529 -827860
530 -831015
531 -834176
532 -837343
533 -840516
534 -843695
535 -846880
536 -850071
537 -853268
538 -856471
539 -859680
540 -862895
541 -866116
542 -869343
543 -872576
544 -875815
545 -879060
546 -882311
547 -885568
548 -888831
549 -892100
550 -895375
551 -898656
552 -901943
553 -905236
554 -908535
555 -911840
556 -915151
557 -918468
558 -921791
559 -925120
560 -928455
561 -931796
562 -935143
563 -938496
564 -941855
565 -945220
566 -948591
567 -951968
568 -955351
569 -958740
570 -962135
571 -965536
572 -968943
573 -972356
574 -975775
575 -979200
576 -982631
577 -986068
578 -989511
579 -992960
580 -996415
581 -999876
582 -1003343
583 -1006816
584 -1010295
585 -1013780
586 -1017271
587 -1020768
588 -1024271
589 -1027780
590 -1031295
591 -1034816
592 -1038343
593 -1041876
594 -1045415
595 -1048960
596 -1052511
597 -1056068
598 -1059631
599 -1063200
600 -1066775
601 -1070356
602 -1073943
603 -1077536
604 -1081135
605 -1084740
606 -1088351
607 -1091968
608 -1095591
609 -1099220
610 -1102855
611 -1106496
612 -1110143
613 -1113796
614 -1117455
615 -1121120
616 -1124791
617 -1128468
618 -1132151
619 -1135840
620 -1139535
621 -1143236
622 -1146943
623 -1150656
624 -1154375
625 -1158100
626 -1161831
627 -1165568
628 -1169311
629 -1173060
630 -1176815
631 -1180576
632 -1184343
633 -1188116
634 -1191895
635 -1195680
636 -1199471
637 -1203268
638 -1207071
639 -1210880
640 -1214695
641 -1218516
642 -1222343
643 -1226176
644 -1230015
645 -1233860
646 -1237711
647 -1241568
648 -1245431
649 -1249300
650 -1253175
651 -1257056
652 -1260943
653 -1264836
654 -1268735
655 -1272640
656 -1276551
657 -1280468
658 -1284391
659 -1288320
660 -1292255
661 -1296196
662 -1300143
663 -1304096
664 -1308055
665 -1312020
666 -1315991
667 -1319968
668 -1323951
669 -1327940
670 -1331935
671 -1335936
672 -1339943
673 -1343956
674 -1347975
675 -1352000
676 -1356031
677 -1360068
678 -1364111
679 -1368160
680 -1372215
681 -1376276
682 -1380343
683 -1384416
684 -1388495
685 -1392580
686 -1396671
687 -1400768
688 -1404871
689 -1408980
690 -1413095
691 -1417216
692 -1421343
693 -1425476
694 -1429615
695 -1433760
696 -1437911
697 -1442068
698 -1446231
699 -1450400
700 -1454575
701 -1458756
702 -1462943
703 -1467136
704 -1471335
705 -1475540
706 -1479751
707 -1483968
708 -1488191
709 -1492420
710 -1496655
711 -1500896
712 -1505143
713 -1509396
714 -1513655
715 -1517920
716 -1522191
717 -1526468
718 -1530751
719 -1535040
720 -1539335
721 -1543636
722 -1547943
723 -1552256
724 -1556575
725 -1560900
726 -1565231
727 -1569568
728 -1573911
729 -1578260
730 -1582615
731 -1586976
732 -1591343
733 -1595716
734 -1600095
735 -1604480
736 -1608871
737 -1613268
738 -1617671
739 -1622080
740 -1626495
741 -1630916
742 -1635343
743 -1639776
744 -1644215
745 -1648660
746 -1653111
747 -1657568
748 -1662031
749 -1666500
750 -1670975
751 -1675456
752 -1679943
753 -1684436
754 -1688935
755 -1693440
756 -1697951
757 -1702468
758 -1706991
759 -1711520
760 -1716055
761 -1720596
762 -1725143
763 -1729696
764 -1734255
765 -1738820
766 -1743391
767 -1747968
768 -1752551
769 -1757140
770 -1761735
771 -1766336
772 -1770943
773 -1775556
774 -1780175
775 -1784800
776 -1789431
777 -1794068
778 -1798711
779 -1803360
780 -1808015
781 -1812676
782 -1817343
783 -1822016
784 -1826695
785 -1831380
786 -1836071
787 -1840768
788 -1845471
789 -1850180
790 -1854895
791 -1859616
792 -1864343
793 -1869076
794 -1873815
795 -1878560
796 -1883311
797 -1888068
798 -1892831
799 -1897600
800 -1902375
801 -1907156
802 -1911943
803 -1916736
804 -1921535
805 -1926340
806 -1931151
807 -1935968
808 -1940791
809 -1945620
810 -1950455
811 -1955296
812 -1960143
813 -1964996
814 -1969855
815 -1974720
816 -1979591
817 -1984468
818 -1989351
819 -1994240
820 -1999135
821 -2004036
822 -2008943
823 -2013856
824 -2018775
825 -2023700
826 -2028631
827 -2033568
828 -2038511
829 -2043460
830 -2048415
831 -2053376
832 -2058343
833 -2063316
834 -2068295
835 -2073280
836 -2078271
837 -2083268
838 -2088271
839 -2093280
840 -2098295
841 -2103316
842 -2108343
843 -2113376
844 -2118415
845 -2123460
846 -2128511
847 -2133568
848 -2138631
849 -2143700
850 -2148775
851 -2153856
852 -2158943
853 -2164036
854 -2169135
855 -2174240
856 -2179351
857 -2184468
858 -2189591
859 -2194720
860 -2199855
861 -2204996
862 -2210143
863 -2215296
864 -2220455
865 -2225620
866 -2230791
867 -2235968
868 -2241151
869 -2246340
870 -2251535
871 -2256736
872 -2261943
873 -2267156
874 -2272375
875 -2277600
876 -2282831
877 -2288068
878 -2293311
879 -2298560
880 -2303815
881 -2309076
882 -2314343
883 -2319616
884 -2324895
885 -2330180
886 -2335471
887 -2340768
888 -2346071
889 -2351380
890 -2356695
891 -2362016
892 -2367343
893 -2372676
894 -2378015
895 -2383360
896 -2388711
897 -2394068
898 -2399431
899 -2404800
900 -2410175
901 -2415556
902 -2420943
903 -2426336
904 -2431735
905 -2437140
906 -2442551
907 -2447968
908 -2453391
909 -2458820
910 -2464255
911 -2469696
912 -2475143
913 -2480596
914 -2486055
915 -2491520
916 -2496991
917 -2502468
918 -2507951
919 -2513440
920 -2518935
921 -2524436
922 -2529943
923 -2535456
924 -2540975
925 -2546500
926 -2552031
927 -2557568
928 -2563111
929 -2568660
930 -2574215
931 -2579776
932 -2585343
933 -2590916
934 -2596495
935 -2602080
936 -2607671
937 -2613268
938 -2618871
939 -2624480
940 -2630095
941 -2635716
942 -2641343
943 -2646976
944 -2652615
945 -2658260
946 -2663911
947 -2669568
948 -2675231
949 -2680900
950 -2686575
951 -2692256
952 -2697943
953 -2703636
954 -2709335
955 -2715040
956 -2720751
957 -2726468
958 -2732191
959 -2737920
960 -2743655
961 -2749396
962 -2755143
963 -2760896
964 -2766655
965 -2772420
966 -2778191
967 -2783968
968 -2789751
969 -2795540
970 -2801335
971 -2807136
972 -2812943
973 -2818756
974 -2824575
975 -2830400
976 -2836231
977 -2842068
978 -2847911
979 -2853760
980 -2859615
981 -2865476
982 -2871343
983 -2877216
984 -2883095
985 -2888980
986 -2894871
987 -2900768
988 -2906671
989 -2912580
990 -2918495
991 -2924416
992 -2930343
993 -2936276
994 -2942215
995 -2948160
996 -2954111
997 -2960068
998 -2966031
999 -2972000
